11111111111111111111111111111111111111111111111111111111111111111111111111111114
11111111111111111111111111111111111111111111111111111111111111111111111111111114
11111111111111111111111111111111111111111111111111111111111111111111111111111114
11111111111111111111111111111111111111111111111111111111111111111111111111111114
11111111111111111111111111111111111111111111111111111111111111111111111111111114
11111111111111111111111111111111111111111111111111111111111111111111111111111114
11111111111111111111111111111111111111111111111111111111111111111111111111111114
11111111111111111111111111111111111111111111111111111111111111111111111111111114
11111111111111111111111111111111111111111111111111111111111111111111111111111114
11111111111111111111111111111111111111111111111111111111111111111111111111111114
11111111111111111111111111111111111111111111111111111111111111111111111111111114
11111111111111111111111111111111111111111111111111111111111111111111111111111114
11111111111111111111111111111111111111111111111111111111111111111111111111111114
22222222222222222222222222222222222222222222222222222222222222222222222222222225
11111111111111111111111111111111111111111111111111111111111111111111111111111114
11111111111111111111111111111111111111111111111111111111111111111111111111111114
11111111111111111111111111111111111111111111111111111111111111111111111111111114
11111111111111111111111111111111111111111111111111111111111111111111111111111114
11111111111111111111111111111111111111111111111111111111111111111111111111111114
11111111111111111111111111111111111111111111111111111111111111111111111111111114
11111111111111111111111111111111111111111111111111111111111111111111111111111114
11111111111111111111111111111111111111111111111111111111111111111111111111111114
11111111111111111111111111111111111111111111111111111111111111111111111111111114
